name: sumo-rl
channels:
  - conda-forge
  - defaults
dependencies:
  - _tflow_select=2.1.0=gpu
  - absl-py=0.4.1=py_0
  - astor=0.7.1=py_0
  - blas=1.0=mkl
  - ca-certificates=2019.11.28=hecc5488_0
  - certifi=2019.11.28=py36h9f0ad1d_1
  - cffi=1.14.0=py36ha419a9e_0
  - chardet=3.0.4=py36h9f0ad1d_1006
  - cryptography=2.8=py36hb32ad35_1
  - freetype=2.10.1=ha9979f8_0
  - future=0.16.0=py36_1002
  - gast=0.2.0=py_0
  - graphviz=2.38.0=h6538335_1011
  - grpcio=1.23.0=py36hc6b9980_1
  - h5py=2.8.0=py36hf098a70_1005
  - hdf5=1.10.4=nompi_hcc15c50_1106
  - icc_rt=2019.0.0=h0cc432a_1
  - idna=2.7=py36_1002
  - intel-openmp=2019.4=245
  - keras=2.2.2=py36_0
  - keras-applications=1.0.4=py_1
  - keras-preprocessing=1.0.2=py_1
  - libgpuarray=0.7.6=hfa6e2cd_1003
  - libpng=1.6.37=hfe6a214_1
  - libprotobuf=3.6.1=h1a1b453_1001
  - m2w64-gcc-libgfortran=5.3.0=6
  - m2w64-gcc-libs=5.3.0=7
  - m2w64-gcc-libs-core=5.3.0=7
  - m2w64-gmp=6.1.0=2
  - m2w64-libwinpthread-git=5.0.0.4634.697f757=2
  - mako=1.1.0=py_0
  - markdown=2.6.11=py_0
  - markupsafe=1.1.1=py36h68a101e_1
  - mkl=2018.0.3=1
  - mkl_fft=1.0.10=py36_0
  - mkl_random=1.0.2=py36_0
  - msys2-conda-epoch=20160418=1
  - numpy=1.14.5=py36h9fa60d3_4
  - numpy-base=1.14.5=py36h5c71026_4
  - openssl=1.1.1e=hfa6e2cd_0
  - pandas=0.24.0=py36h6538335_0
  - pip=20.0.2=py_2
  - protobuf=3.6.1=py36he025d50_1001
  - pycparser=2.20=py_0
  - pydot=1.4.1=py36h9f0ad1d_1002
  - pyglet=1.3.2=py36_1001
  - pygpu=0.7.6=py36h452e1ab_1000
  - pyopenssl=19.1.0=py_1
  - pyparsing=2.4.6=py_0
  - pyreadline=2.1=py36_1001
  - pysocks=1.7.1=py36h9f0ad1d_1
  - python=3.6.10=he025d50_1009_cpython
  - python-dateutil=2.8.1=py_0
  - python_abi=3.6=1_cp36m
  - pytz=2019.3=py_0
  - pyyaml=3.13=py36hfa6e2cd_1001
  - requests=2.19.1=py36_1001
  - scipy=1.1.0=py36hc28095f_0
  - setuptools=46.0.0=py36h9f0ad1d_2
  - six=1.11.0=py36_1001
  - tbb=2020.1=he980bc4_0
  - tbb4py=2019.9=py36he980bc4_1
  - tensorboard=1.10.0=py36_0
  - tensorflow=1.10.0=py36_0
  - tensorflow-gpu=1.10.0=hf154084_0
  - termcolor=1.1.0=py_2
  - theano=1.0.4=py36h6538335_1001
  - urllib3=1.23=py36_1001
  - vc=14.1=h0510ff6_4
  - vs2015_runtime=14.16.27012=hf0eaf9b_1
  - vs2015_win-64=14.0.25420=h55c1224_11
  - werkzeug=0.14.1=py_0
  - wheel=0.34.2=py_1
  - win_inet_pton=1.1.0=py36_0
  - wincertstore=0.2=py36_1003
  - yaml=0.2.2=hfa6e2cd_1
  - zlib=1.2.11=h2fa13f4_1006
  - pip:
    - gym==0.10.5
    - keras-rl==0.4.2
prefix: C:\Users\GUIX\Anaconda3\envs\sumo-rl

